Pulls	Probability
1	0.00000000000000000000
2	0.00000000000000000000
3	0.00000000000000000000
4	0.00000000000000000000
5	0.00000000000000000000
6	0.00000000000000409600
7	0.00000000000002447770
8	0.00000000000008532925
9	0.00000000000022663448
10	0.00000000000050788788
11	0.00000000000101171265
12	0.00000000000184738730
13	0.00000000000315428186
14	0.00000000000510520519
15	0.00000000000790966458
16	0.00000000001181703888
17	0.00000000001711966651
18	0.00000000002415584944
19	0.00000000003331277452
20	0.00000000004502935322
21	0.00000000005979898107
22	0.00000000007817221801
23	0.00000000010075939065
24	0.00000000012823311783
25	0.00000000016133076046
26	0.00000000020085679677
27	0.00000000024768512424
28	0.00000000030276128914
29	0.00000000036710464485
30	0.00000000044181044008
31	0.00000000052805183798
32	0.00000000062708186729
33	0.00000000074023530645
34	0.00000000086893050188
35	0.00000000101467112123
36	0.00000000117904784286
37	0.00000000136373998238
38	0.00000000157051705721
39	0.00000000180124029034
40	0.00000000205786405406
41	0.00000000234243725467
42	0.00000000265710465922
43	0.00000000300410816499
44	0.00000000338578801290
45	0.00000000380458394557
46	0.00000000426303631101
47	0.00000000476378711281
48	0.00000000530958100773
49	0.00000000590326625157
50	0.00000000654779559413
51	0.00000000724622712417
52	0.00000000800172506521
53	0.00000000881756052292
54	0.00000000969711218508
55	0.00000001064386697474
56	0.00000001166142065753
57	0.00000001275347840381
58	0.00000001392385530656
59	0.00000001517647685565
60	0.00000001651537936935
61	0.00000001794471038387
62	0.00000001946872900147
63	0.00000002109180619822
64	0.00000002281842509183
65	0.00000002465318117040
66	0.00000002660078248286
67	0.00000002866604979169
68	0.00000003085391668870
69	0.00000003316942967448
70	0.00000003561774820232
71	0.00000003820423581476
72	0.00000004093462998008
73	0.00000004381526651126
74	0.00000004685332759468
75	0.00000005005708215929
76	0.00000005343609329224
77	0.00000005700137750017
78	0.00000006076551166910
79	0.00000006474269263541
80	0.00000006894875959810
81	0.00000007340119099812
82	0.00000007811908601418
83	0.00000008312313800863
84	0.00000008843560441452
85	0.00000009408027562676
86	0.00000010008244330156
87	0.00000010646886899222
88	0.00000011326775311889
89	0.00000012050870426997
90	0.00000012822270883272
91	0.00000013644210095068
92	0.00000014520053280558
93	0.00000015453294522140
94	0.00000016447553858817
95	0.00000017506574410326
96	0.00000018634219532778
97	0.00000019834470005585
98	0.00000021111421249433
99	0.00000022469280575090
100	0.00000023912364462799
101	0.00000025445095872055
102	0.00000027072001581518
103	0.00000028797709558854
104	0.00000030626946360270
105	0.00000032564534559529
106	0.00000034615390206222
107	0.00000036784520313073
108	0.00000039077020372064
109	0.00000041498071899163
110	0.00000044052940007427
111	0.00000046746971008287
112	0.00000049585590040773
113	0.00000052574298728493
114	0.00000055718672864132
115	0.00000059024360121274
116	0.00000062497077793329
117	0.00000066142610559363
118	0.00000069966808276619
119	0.00000073975583799517
120	0.00000078174910824946
121	0.00000082570821763616
122	0.00000087169405637292
123	0.00000091976806001695
124	0.00000096999218894867
125	0.00000102242925489937
126	0.00000107714289166100
127	0.00000113419752618789
128	0.00000119365835008680
129	0.00000125559129149162
130	0.00000132006298731919
131	0.00000138714075590265
132	0.00000145689256999881
133	0.00000152938703016597
134	0.00000160469333850882
135	0.00000168288127278683
136	0.00000176402200563359
137	0.00000184819040526271
138	0.00000193546903831014
139	0.00000202595358706026
140	0.00000211975894290657
141	0.00000221702498053811
142	0.00000231792102486526
143	0.00000242264828041552
144	0.00000253143990992974
145	0.00000264455889608278
146	0.00000276229417812155
147	0.00000288495575082566
148	0.00000301286943372203
149	0.00000314637190097145
150	0.00000328580637361479
151	0.00000343151915852038
152	0.00000358385705706950
153	0.00000374316554905804
154	0.00000390978759901875
155	0.00000408406292062035
156	0.00000426632755288406
157	0.00000445691363364770
158	0.00000465614928922247
159	0.00000486435858780273
160	0.00000508186152541708
161	0.00000530897402729838
162	0.00000554600795602812
163	0.00000579327112246027
164	0.00000605106729775589
165	0.00000631969622587989
166	0.00000659945363639708
167	0.00000689063125747760
168	0.00000719351682910771
169	0.00000750839411650204
170	0.00000783554292371331
171	0.00000817523910743577
172	0.00000852775459099843
173	0.00000889335737854432
174	0.00000927231156939208
175	0.00000966487737257608
176	0.00001007131112156153
177	0.00001049186528913083
178	0.00001092678850243762
179	0.00001137632555822500
180	0.00001184071743820437
181	0.00001232020132459146
182	0.00001281501061579601
183	0.00001332537494226185
184	0.00001385152018245389
185	0.00001439366847898876
186	0.00001495203825490577
187	0.00001552684423007495
188	0.00001611829743773899
189	0.00001672660524118582
190	0.00001735197778004437
191	0.00001799463352460152
192	0.00001865480311336946
193	0.00001933273099497525
194	0.00002002867485951874
195	0.00002074290328703482
196	0.00002147569233011954
197	0.00002222732181352378
198	0.00002299807199067390
199	0.00002378822093130705
200	0.00002459804273668572
201	0.00002542781065234009
202	0.00002627781174795356
203	0.00002714837957839747
204	0.00002803994765973613
205	0.00002895312040496798
206	0.00002988875159737010
207	0.00003084801538304797
208	0.00003183245348070596
209	0.00003284398531456620
210	0.00003388487443657658
211	0.00003495765307714079
212	0.00003606501464812558
213	0.00003720968952397624
214	0.00003839432133372539
215	0.00003962135931313512
216	0.00004089297776244298
217	0.00004221102790789415
218	0.00004357702182678905
219	0.00004499214368075426
220	0.00004645728088764172
221	0.00004797306709070133
222	0.00004953992949741061
223	0.00005115813480064204
224	0.00005282782988792689
225	0.00005454907543292925
226	0.00005632187196526744
227	0.00005814617902239819
228	0.00006002192852435547
229	0.00006194903367920612
230	0.00006392739464983639
231	0.00006595690200881058
232	0.00006803743876329676
233	0.00007016888150325641
234	0.00007235110103920195
235	0.00007458396275769232
236	0.00007686732682861861
237	0.00007920104833863535
238	0.00008158497738966404
239	0.00008401895918167477
240	0.01621664548628656536
241	0.00051393770967606174
242	0.00052379146323596962
243	0.00053366357075933136
244	0.00054355309523858290
245	0.00055345910780073521
246	0.00056338068767513134
247	0.00057331692216110681
248	0.00058326690659555664
249	0.00059322974432041185
250	0.00060320454665002823
251	0.00061319043283849052
252	0.00062318653004683465
253	0.00063319197331019093
254	0.00064321305765902808
255	0.00065326864450679544
256	0.00066339206209498839
257	0.00067362870619056530
258	0.00068402982102266035
259	0.00069464408499946840
260	0.00070550923829999002
261	0.00071664587088457159
262	0.00072805472523395808
263	0.00073971777863069176
264	0.00075160235851289135
265	0.00076366789283310548
266	0.00077587531866097866
267	0.00078819914431987549
268	0.00080064143836771696
269	0.00081324552416802631
270	0.00082610617716884787
271	0.00083937226961324604
272	0.00085323865951869564
273	0.00086792620448529089
274	0.00088365173045929699
275	0.00090059270542960860
276	0.00091885330355422859
277	0.00093843883441717305
278	0.00095924401642927222
279	0.00098105771631000586
280	0.00100358332081380525
281	0.00102647081807172146
282	0.00104935465461540991
283	0.00107189087454502813
284	0.00109378789453081569
285	0.00111482712888055046
286	0.00113487198960293881
287	0.00115386596828852429
288	0.00117182213642694335
289	0.00118880726353311064
290	0.00120492385338861165
291	0.00122029290478263932
292	0.00123503936300700425
293	0.00124928129388395595
294	0.00126312298137800483
295	0.00127665154129921436
296	0.00128993629350289697
297	0.00130303001929470691
298	0.00131597128831115236
299	0.00132878719831543166
300	0.00134149606796750636
301	0.00135410981002246098
302	0.00136663586382599830
303	0.00137907867183998267
304	0.00139144074765232648
305	0.00140372341138112746
306	0.00141592727344405140
307	0.00142805253928118728
308	0.00144009919340297472
309	0.00145206710605670100
310	0.00146395609255165665
311	0.00147576594490881612
312	0.00148749644803728304
313	0.00149914738763658127
314	0.00151071855386920042
315	0.00152220974296830683
316	0.00153362075788453322
317	0.00154495140850753069
318	0.00155620151170922384
319	0.00156738857140030103
320	0.00157857700804598321
321	0.00158990655067192812
322	0.00160160542490594720
323	0.00161397750702750034
324	0.00162736075726900544
325	0.00164206416137729381
326	0.00165829843555289483
327	0.00167611889801746572
328	0.00169539607831966836
329	0.00171582197525292388
330	0.00173695091061740913
331	0.00175826653098027650
332	0.00177926235159327705
333	0.00179952254010413283
334	0.00181879057434564352
335	0.00183701655960546684
336	0.00185437617475447327
337	0.00187125692504906856
338	0.00188821066752016227
339	0.00190587571388173270
340	0.00192487705794668451
341	0.00194571845838004194
342	0.00196868371515206948
343	0.00199376502227908534
344	0.00202063296100732227
345	0.00204865577847969416
346	0.00207696650243778543
347	0.00210456729334611030
348	0.00213045342743010203
349	0.00215373607156667559
350	0.00217374413841578132
351	0.00219009051638514886
352	0.00220269542447584522
353	0.00221176772343637721
354	0.00221775195984491582
355	0.00222125347023765506
356	0.00222295549129674824
357	0.00222354109508867766
358	0.00222362962536715436
359	0.00222373315171373314
360	0.00222423427426206859
361	0.00222538317124484197
362	0.00222730952162824348
363	0.00223004395276230325
364	0.00223354378612940747
365	0.00223771875152440057
366	0.00224245363296597947
367	0.00224762616239554495
368	0.00225311964829191441
369	0.00225883068510972106
370	0.00226467280400539376
371	0.00227057713455340871
372	0.00227649112849156035
373	0.00228237623760489295
374	0.00228820521672714206
375	0.00229395949757582033
376	0.00229962688534514668
377	0.00230519968354952959
378	0.00231067325510817954
379	0.00231604497212522079
380	0.00232131348265864108
381	0.00232647821919033964
382	0.00233153908143796266
383	0.00233649623897607983
384	0.00234136640205515605
385	0.00234622499232251377
386	0.00235126912655645676
387	0.00235688013318866736
388	0.00236365411347148207
389	0.00237237088660405471
390	0.00238388699029871348
391	0.00239896299524174703
392	0.00241806063458009266
393	0.00244116156987225999
394	0.00246766034364850793
395	0.00249636812589911675
396	0.00252563615240251000
397	0.00255357714571070501
398	0.00257833909875674269
399	0.00259837446274337182
400	0.00261265257565848815
401	0.00262077991901984586
402	0.00262301590291965247
403	0.00262019434713569219
404	0.00261357704395408468
405	0.00260467296027506983
406	0.00259505504134476795
407	0.00258619882725572385
408	0.00257935682293986636
409	0.00257547310424246274
410	0.00257513610112443163
411	0.00257856443698122112
412	0.00258562039926602380
413	0.00259584666443259174
414	0.00260852290703736704
415	0.00262273895565291313
416	0.00263748006067943398
417	0.00265171804242510155
418	0.00266450040193167218
419	0.00267502870433668564
420	0.00268271819465019959
421	0.00268723274353432880
422	0.00268849247700982373
423	0.00268665515690386403
424	0.00268207579925816836
425	0.00267525151086419577
426	0.00266675971014922407
427	0.00265719770872137986
428	0.00264713027576515245
429	0.00263704969130889625
430	0.00262735039257646956
431	0.00261831807013413299
432	0.00261013130272467333
433	0.00260287270386891007
434	0.00259654611171338739
435	0.00259109649005836177
436	0.00258642975573263719
437	0.00258243051558359660
438	0.00257897651229664021
439	0.00257594931101444332
440	0.00257324132920502210
441	0.00257075969073503487
442	0.00256842758069598305
443	0.00256618382390852282
444	0.00256398135180110171
445	0.00256178510409291384
446	0.00255956977085013316
447	0.00255731764401871202
448	0.00255501673167797649
449	0.00255265920003558409
450	0.00255024112029575717
451	0.00254776585518563074
452	0.00254525415162154594
453	0.00254276304659837230
454	0.00254041261099144179
455	0.00253841497196593993
456	0.00253709560536395259
457	0.00253689467396473987
458	0.00253833789498885582
459	0.00254197250441051104
460	0.00254827316684122951
461	0.00255753258464298072
462	0.00256975894123223768
463	0.00258460454137557609
464	0.00260134592745661683
465	0.00261892604498978021
466	0.00263605614869676023
467	0.00265136241113589904
468	0.00266355283893059097
469	0.00267157629489564479
470	0.00267474776260039679
471	0.00267282146475514035
472	0.00266600389241772176
473	0.00265490961076645072
474	0.00264047156383875151
475	0.00262382301796933200
476	0.00260616982021285928
477	0.00258866980583870462
478	0.00257233208469951419
479	0.00255794388566771415
480	0.26336040077140909381
481	0.00188546751760506699
482	0.00186817893484501150
483	0.00185445939098854574
484	0.00184372471301700001
485	0.00183524464342342466
486	0.00182822266774377042
487	0.00182186904123487580
488	0.00181546261266863182
489	0.00180839842233831387
490	0.00180021936532353239
491	0.00179063150408707709
492	0.00177950387883578278
493	0.00176685482965308259
494	0.00175282779977132640
495	0.00173766021961490786
496	0.00172164929648967557
497	0.00170511833597593132
498	0.00168838664733923529
499	0.00167174524283077636
500	0.00165543956905168253
501	0.00163965955147527069
502	0.00162453641299732204
503	0.00161014512675329982
504	0.00159651101835548862
505	0.00158361893510925620
506	0.00157142350780356124
507	0.00155985928265036462
508	0.00154884982958273489
509	0.00153831527726051232
510	0.00152817803749273789
511	0.00151836673234758392
512	0.00150881851287381394
513	0.00149948005993475099
514	0.00149030759562747233
515	0.00148126622373831143
516	0.00147232891260105192
517	0.00146347549546013052
518	0.00145469221485840538
519	0.00144597252138916855
520	0.00143731991114934375
521	0.00142875337052268274
522	0.00142031536335617728
523	0.00141208126329708988
524	0.00140416792311041712
525	0.00139673807830760583
526	0.00138999696207977406
527	0.00138417821539551056
528	0.00137951799751386540
529	0.00137621887098732548
530	0.00137440795823635531
531	0.00137409626907708860
532	0.00137514724775288129
533	0.00137726202082742400
534	0.00137998650515881852
535	0.00138274187639604920
536	0.00138487567662095633
537	0.00138572698114001532
538	0.00138469638733245716
539	0.00138131067602788380
540	0.00137527295830742335
541	0.00136649167205994298
542	0.00135508533272494592
543	0.00134136372436267404
544	0.00132578952925836894
545	0.00130892671011553086
546	0.00129138302006730026
547	0.00127375384036818889
548	0.00125657337375743110
549	0.00124027742262589875
550	0.00122517995389114060
551	0.00121146374149088443
552	0.00119918382239009362
553	0.00118828142264342332
554	0.00117860542007744588
555	0.00116993824885368857
556	0.00116202331967556104
557	0.00115459142154498693
558	0.00114738409330595196
559	0.00114017253333397400
560	0.00113277120161708031
561	0.00112504582302003528
562	0.00111691599543225597
563	0.00110835301828405946
564	0.00109937386602402632
565	0.00109003242367123648
566	0.00108040917204328680
567	0.00107060046403461714
568	0.00106070838702832480
569	0.00105083198648746062
570	0.00104106036438556513
571	0.00103146789718245936
572	0.00102211157196486225
573	0.00101303023943686973
574	0.00100424544256260444
575	0.00099576340389715432
576	0.00098757773837022376
577	0.00097967249047859739
578	0.00097202516086747678
579	0.00096460947167024375
580	0.00095739770870419480
581	0.00095036256062945109
582	0.00094347844390627627
583	0.00093672235670395502
584	0.00093007434851271074
585	0.00092351773075273937
586	0.00091703919010982846
587	0.00091062899611082175
588	0.00090428150332503662
589	0.00089799611523401935
590	0.00089177878107023743
591	0.00088564393139629528
592	0.00087961653906583816
593	0.00087373376384972070
594	0.00086804546847597936
595	0.00086261285461556011
596	0.00085750461612980749
597	0.00085279036035753350
598	0.00084853156826569455
599	0.00084477095818924892
600	0.00084152165537905428
601	0.00083875791348212038
602	0.00083640917629498746
603	0.00083435896066381650
604	0.00083244941317136295
605	0.00083049154742924267
606	0.00082828026110201677
607	0.00082561243549312740
608	0.00082230588749546956
609	0.00081821677156713781
610	0.00081325324255557147
611	0.00080738373857242549
612	0.00080063901734378663
613	0.00079310793752491553
614	0.00078492777451264726
615	0.00077627048006887914
616	0.00076732666257051100
617	0.00075828915719855072
618	0.00074933789735811855
619	0.00074062744942023044
620	0.00073227811018863004
621	0.00072437096993384678
622	0.00071694688182312136
623	0.00071000890032330018
624	0.00070352748399737623
625	0.00069744760921490559
626	0.00069169690212350315
627	0.00068619394811499367
628	0.00068085605739631052
629	0.00067560592776529687
630	0.00067037682878842288
631	0.00066511611605839202
632	0.00065978705466539168
633	0.00065436907590401181
634	0.00064885670276686617
635	0.00064325745376636763
636	0.00063758907035646087
637	0.00063187641318373407
638	0.00062614834184399463
639	0.00062043483912592958
640	0.00061476457249237937
641	0.00060916301163434033
642	0.00060365114946798046
643	0.00059824481154419472
644	0.00059295449006167491
645	0.00058778560581215344
646	0.00058273908458083752
647	0.00057781213213368027
648	0.00057299910107465452
649	0.00056829236009876786
650	0.00056368309810588576
651	0.00055916201944262126
652	0.00055471991017348727
653	0.00055034807742069716
654	0.00054603868341072314
655	0.00054178501158429151
656	0.00053758171186708647
657	0.00053342507308278312
658	0.00052931335948686641
659	0.00052524722357971306
660	0.00052123016944960141
661	0.00051726899456933927
662	0.00051337409218895160
663	0.00050955946344890794
664	0.00050584228104223739
665	0.00050224187485419095
666	0.00049877807827126290
667	0.00049546897654104840
668	0.00049232822086764150
669	0.00048936219140679813
670	0.00048656738320093569
671	0.00048392842795017043
672	0.00048141713604002530
673	0.00047899284450807609
674	0.00047660419871727457
675	0.00047419230199558953
676	0.00047169497008551345
677	0.00046905165945902918
678	0.00046620852912508070
679	0.00046312306286735858
680	0.00045976772767618136
681	0.00045613226527825781
682	0.00045222438634073536
683	0.00044806883321821649
684	0.00044370496738246082
685	0.00043918319573298106
686	0.00043456065705500286
687	0.00042989663675475366
688	0.00042524816520337553
689	0.00042066619137244316
690	0.00041619262341847223
691	0.00041185840854172508
692	0.00040768270258529632
693	0.00040367306967962732
694	0.00039982656404968413
695	0.00039613148569794210
696	0.00039256957063462196
697	0.00038911837273481905
698	0.00038575361375539936
699	0.00038245131468450963
700	0.00037918956903886503
701	0.00037594987079327630
702	0.00037271796087851449
703	0.00036948420222920574
704	0.00036624353103503789
705	0.00036299505923751653
706	0.00035974141971449343
707	0.00035648795136961034
708	0.00035324181773655469
709	0.00035001114160525758
710	0.00034680422184810547
711	0.00034362887945552257
712	0.00034049196004093834
713	0.00033739900167460604
714	0.00033435406131292957
715	0.00033135968122402453
716	0.00032841696905381044
717	0.00032552576144305292
718	0.00032268484094998659
719	0.00031989217878476057
720	0.02867665898026976892
721	0.00007126843211038907
722	0.00007053940957146701
723	0.00006982214689625430
724	0.00006911579396155630
725	0.00006841961177569615
726	0.00006773301055009143
727	0.00006705558701048620
728	0.00006638716146637696
729	0.00006572781298366523
730	0.00006507790834625908
731	0.00006443811787546072
732	0.00006380940927863057
733	0.00006319301022600280
734	0.00006259033187475997
735	0.00006200284933009255
736	0.00006143194086574414
737	0.00006087869493530270
738	0.00006034370146587298
739	0.00005982685024939944
740	0.00005932716304241021
741	0.00005884268615230441
742	0.00005837046628012189
743	0.00005790662437608064
744	0.00005744653115743643
745	0.00005698507526586208
746	0.00005651700268937675
747	0.00005603729595221490
748	0.00005554155527793398
749	0.00005502634245211795
750	0.00005448945168531141
751	0.00005393007985641611
752	0.00005334887989153336
753	0.00005274789405906947
754	0.00005213037684737571
755	0.00005150052818506822
756	0.00005086316579305141
757	0.00005022336967712572
758	0.00004958613201662174
759	0.00004895604234753734
760	0.00004833703176175483
761	0.00004773219188080406
762	0.00004714367572317051
763	0.00004657267929872302
764	0.00004601949566629225
765	0.00004548362784907896
766	0.00004496394369929031
767	0.00004445885455331465
768	0.00004396650011864419
769	0.00004348492412626034
770	0.00004301222842375452
771	0.00004254669690803226
772	0.00004208688456298089
773	0.00004163167050329457
774	0.00004118027704540610
775	0.00004073225924296013
776	0.00004028747094719103
777	0.00003984601427894848
778	0.00003940817949774936
779	0.00003897438174575286
780	0.00003854510018513999
781	0.00003812082380307048
782	0.00003770200679159863
783	0.00003728903506433938
784	0.00003688220426241513
785	0.00003648170861055645
786	0.00003608763925662685
787	0.00003569999027852133
788	0.00003531867035837650
789	0.00003494351817127868
790	0.00003457431976508086
791	0.00003421082656060958
792	0.00003385277301290967
793	0.00003349989337787355
794	0.00003315193736079954
795	0.00003280868462864195
796	0.00003246995820650079
797	0.00003213563663664748
798	0.00003180566447348121
799	0.00003148006027630257
800	0.00003115892083567131
801	0.00003084242004611353
802	0.00003053080074258080
803	0.00003022435805612491
804	0.00002992341347532611
805	0.00002962827981433048
806	0.00002933921859437884
807	0.00002905639277342023
808	0.00002877981908008268
809	0.00002850932517471813
810	0.00002824451724631272
811	0.00002798476330477203
812	0.00002772919629545657
813	0.00002747673932504111
814	0.00002722615294564489
815	0.00002697610189456428
816	0.00002672523627723977
817	0.00002647228025343712
818	0.00002621612012204241
819	0.00002595588347279622
820	0.00002569100182453414
821	0.00002542125080194932
822	0.00002514676419979067
823	0.00002486802094489572
824	0.00002458580665702967
825	0.00002430115390776863
826	0.00002401526711905173
827	0.00002372943915507478
828	0.00002344496697283845
829	0.00002316307324097885
830	0.00002288483973424115
831	0.00002261115674497632
832	0.00002234269093792556
833	0.00002207987222635053
834	0.00002182289855790926
835	0.00002157175611606595
836	0.00002132625146226487
837	0.00002108605160493111
838	0.00002085072787198269
839	0.00002061979973110509
840	0.00002039277526498023
841	0.00002016918576997800
842	0.00001994861280651586
843	0.00001973070689476108
844	0.00001951519784303725
845	0.00001930189736042918
846	0.00001909069510359567
847	0.00001888154962583451
848	0.00001867447583793513
849	0.00001846953057431907
850	0.00001826679771407327
851	0.00001806637407043262
852	0.00001786835697148617
853	0.00001767283414481330
854	0.00001747987622004936
855	0.00001728953190001918
856	0.00001710182563945360
857	0.00001691675751910493
858	0.00001673430491379455
859	0.00001655442552081292
860	0.00001637706133037034
861	0.00001620214316904253
862	0.00001602959551480483
863	0.00001585934135225768
864	0.00001569130689429455
865	0.00001552542603027736
866	0.00001536164436438323
867	0.00001519992268139804
868	0.00001504023962846544
869	0.00001488259334480643
870	0.00001472700172718606
871	0.00001457350100910215
872	0.00001442214237647143
873	0.00001427298645546577
874	0.00001412609569166110
875	0.00001398152488266107
876	0.00001383931040349953
877	0.00001369945893812324
878	0.00001356193675684939
879	0.00001342666071467222
880	0.00001329349215241564
881	0.00001316223474106353
882	0.00001303263701882574
883	0.00001290439995299382
884	0.00001277718935775948
885	0.00001265065247381901
886	0.00001252443753194709
887	0.00001239821474446873
888	0.00001227169694727638
889	0.00001214465808245777
890	0.00001201694787491313
891	0.00001188850139734368
892	0.00001175934269604175
893	0.00001162958220808964
894	0.00001149940827392899
895	0.00001136907357374914
896	0.00001123887773684206
897	0.00001110914765056274
898	0.00001098021710963540
899	0.00001085240739716779
900	0.00001072601019402501
901	0.00001060127390556952
902	0.00001047839411552377
903	0.00001035750847035631
904	0.00001023869590639343
905	0.00001012197979145110
906	0.00001000733428916770
907	0.00000989469308232252
908	0.00000978395951510739
909	0.00000967501722761479
910	0.00000956774044502075
911	0.00000946200323023079
912	0.00000935768719080313
913	0.00000925468732745499
914	0.00000915291590313616
915	0.00000905230438280624
916	0.00000895280363338799
917	0.00000885438267432365
918	0.00000875702632968470
919	0.00000866073215475383
920	0.00000856550699835117
921	0.00000847136352393719
922	0.00000837831695579155
923	0.00000828638224960153
924	0.00000819557181724270
925	0.00000810589386985467
926	0.00000801735138638979
927	0.00000792994166977092
928	0.00000784365642099978
929	0.00000775848224274867
930	0.00000767440147651636
931	0.00000759139327869022
932	0.00000750943484760101
933	0.00000742850272253569
934	0.00000734857408371160
935	0.00000726962798726055
936	0.00000719164647037018
937	0.00000711461545933759
938	0.00000703852540928190
939	0.00000696337160168192
940	0.00000688915402846728
941	0.00000681587680276803
942	0.00000674354705942666
943	0.00000667217334414294
944	0.00000660176353753160
945	0.00000653232241575696
946	0.00000646384900672769
947	0.00000639633395231995
948	0.00000632975712431120
949	0.00000626408575687333
950	0.00000619927334585464
951	0.00000613525952216850
952	0.00000607197103488760
953	0.00000600932388477580
954	0.00000594722654031786
955	0.00000588558405776878
956	0.00000582430282730950
957	0.00000576329559129636
958	0.00000570248633760776
959	0.00000564181466716439
960	0.00047067803087938787
961	0.00000040424591505699
962	0.00000039931655086862
963	0.00000039439677396231
964	0.00000038949071038632
965	0.00000038460399808251
966	0.00000037974341320204
967	0.00000037491644217337
968	0.00000037013083297755
969	0.00000036539415881134
970	0.00000036071342412473
971	0.00000035609473744055
972	0.00000035154306813413
973	0.00000034706209629791
974	0.00000034265415676729
975	0.00000033832027107291
976	0.00000033406025509192
977	0.00000032987288587663
978	0.00000032575610871592
979	0.00000032170726490717
980	0.00000031772332178796
981	0.00000031380108898058
982	0.00000030993740814238
983	0.00000030612930737216
984	0.00000030237411539520
985	0.00000029866953438640
986	0.00000029501367352089
987	0.00000029140504787935
988	0.00000028784254908857
989	0.00000028432539503630
990	0.00000028085306622543
991	0.00000027742523593697
992	0.00000027404170050297
993	0.00000027070231480685
994	0.00000026740693678981
995	0.00000026415538338585
996	0.00000026094739905028
997	0.00000025778263696755
998	0.00000025466065217019
999	0.00000025158090518543
1000	0.00000024854277443385
1001	0.00000024554557539847
1002	0.00000024258858451401
1003	0.00000023967106574145
1004	0.00000023679229784614
1005	0.00000023395160045660
1006	0.00000023114835703260
1007	0.00000022838203292576
1008	0.00000022565218680250
1009	0.00000022295847386297
1010	0.00000022030063957895
1011	0.00000021767850313058
1012	0.00000021509193036868
1013	0.00000021254079695825
1014	0.00000021002494332492
1015	0.00000020754412404798
1016	0.00000020509795530829
1017	0.00000020268586477463
1018	0.00000020030704876768
1019	0.00000019796044156446
1020	0.00000019564470122758
1021	0.00000019335821534938
1022	0.00000019109912864034
1023	0.00000018886539248222
1024	0.00000018665483457680
1025	0.00000018446524485957
1026	0.00000018229447212880
1027	0.00000018014052456446
1028	0.00000017800166663523
1029	0.00000017587650490503
1030	0.00000017376405597072
1031	0.00000017166379112305
1032	0.00000016957565418981
1033	0.00000016750005120323
1034	0.00000016543781281247
1035	0.00000016339013251200
1036	0.00000016135848557482
1037	0.00000015934453490540
1038	0.00000015735003075985
1039	0.00000015537671138568
1040	0.00000015342621113934
1041	0.00000015149998163473
1042	0.00000014959923008951
1043	0.00000014772487742350
1044	0.00000014587753698846
1045	0.00000014405751322181
1046	0.00000014226481814845
1047	0.00000014049920259683
1048	0.00000013876019830360
1049	0.00000013704716676943
1050	0.00000013535935077647
1051	0.00000013369592483418
1052	0.00000013205604141497
1053	0.00000013043887059202
1054	0.00000012884363151550
1055	0.00000012726961498265
1056	0.00000012571619710737
1057	0.00000012418284472529
1058	0.00000012266911365212
1059	0.00000012117464123043
1060	0.00000011969913475728
1061	0.00000011824235739725
1062	0.00000011680411307716
1063	0.00000011538423166124
1064	0.00000011398255545041
1065	0.00000011259892776765
1066	0.00000011123318411029
1067	0.00000010988514608923
1068	0.00000010855461815063
1069	0.00000010724138689301
1070	0.00000010594522265521
1071	0.00000010466588295379
1072	0.00000010340311728679
1073	0.00000010215667278604
1074	0.00000010092630018635
1075	0.00000009971175958115
1076	0.00000009851282544966
1077	0.00000009732929047096
1078	0.00000009616096769031
1079	0.00000009500769067766
1080	0.00000009386931142442
1081	0.00000009274569586313
1082	0.00000009163671706798
1083	0.00000009054224639234
1084	0.00000008946214301283
1085	0.00000008839624255706
1086	0.00000008734434567334
1087	0.00000008630620752913
1088	0.00000008528152927959
1089	0.00000008426995251026
1090	0.00000008327105751892
1091	0.00000008228436606499
1092	0.00000008130934889144
1093	0.00000008034543794201
1094	0.00000007939204278782
1095	0.00000007844857038350
1096	0.00000007751444693417
1097	0.00000007658914040828
1098	0.00000007567218210609
1099	0.00000007476318570631
1100	0.00000007386186236555
1101	0.00000007296803072548
1102	0.00000007208162106407
1103	0.00000007120267327433
1104	0.00000007033132882442
1105	0.00000006946781730249
1106	0.00000006861243853822
1107	0.00000006776554158751
1108	0.00000006692750204498
1109	0.00000006609869920053
1110	0.00000006527949448451
1111	0.00000006447021246397
1112	0.00000006367112538483
1113	0.00000006288244192956
1114	0.00000006210430051006
1115	0.00000006133676707241
1116	0.00000006057983708105
1117	0.00000005983344109754
1118	0.00000005909745318744
1119	0.00000005837170128499
1120	0.00000005765597861833
1121	0.00000005695005534095
1122	0.00000005625368961502
1123	0.00000005556663753498
1124	0.00000005488866144664
1125	0.00000005421953639314
1126	0.00000005355905458835
1127	0.00000005290702796908
1128	0.00000005226328900119
1129	0.00000005162769000561
1130	0.00000005100010132758
1131	0.00000005038040869660
1132	0.00000004976851012037
1133	0.00000004916431262785
1134	0.00000004856772913150
1135	0.00000004797867562296
1136	0.00000004739706885584
1137	0.00000004682282460891
1138	0.00000004625585656735
1139	0.00000004569607581022
1140	0.00000004514339085199
1141	0.00000004459770815383
1142	0.00000004405893299679
1143	0.00000004352697059332
1144	0.00000004300172730483
1145	0.00000004248311183028
1146	0.00000004197103623492
1147	0.00000004146541669769
1148	0.00000004096617387253
1149	0.00000004047323278237
1150	0.00000003998652219486
1151	0.00000003950597346670
1152	0.00000003903151888620
1153	0.00000003856308959011
1154	0.00000003810061317745
1155	0.00000003764401118541
1156	0.00000003719319662665
1157	0.00000003674807180829
1158	0.00000003630852665710
1159	0.00000003587443775939
1160	0.00000003544566828865
1161	0.00000003502206893782
1162	0.00000003460347990203
1163	0.00000003418973387577
1164	0.00000003378065994288
1165	0.00000003337608815732
1166	0.00000003297585454430
1167	0.00000003257980620249
1168	0.00000003218780616475
1169	0.00000003179973767906
1170	0.00000003141550760415
1171	0.00000003103504867327
1172	0.00000003065832045889
1173	0.00000003028530896490
1174	0.00000002991602487129
1175	0.00000002955050055206
1176	0.00000002918878607128
1177	0.00000002883094442770
1178	0.00000002847704636097
1179	0.00000002812716504924
1180	0.00000002778137101864
1181	0.00000002743972755253
1182	0.00000002710228683609
1183	0.00000002676908700590
1184	0.00000002644015020082
1185	0.00000002611548163596
1186	0.00000002579506965251
1187	0.00000002547888663669
1188	0.00000002516689065572
1189	0.00000002485902762872
1190	0.00000002455523383721
1191	0.00000002425543858157
1192	0.00000002395956680577
1193	0.00000002366754153823
1194	0.00000002337928603026
1195	0.00000002309472551053
1196	0.00000002281378851155
1197	0.00000002253640775894
1198	0.00000002226252064515
1199	0.00000002199206933299
1200	0.00000179355955730593
