pos = 0

0.00000000000000000000
0.00599999999999999984
0.03115744444444444437
0.00457243511111111100
0.00557966476324691343
0.00537786116589788052
0.00532997176680908039
0.00575981271426319587
0.00667172318359202993
0.00753123151585545116
0.00779871858921630964
0.00755732365352615503
0.00724032665831224818
0.00742648678699936012
0.00855895021886357818
0.01023942642729823499
0.01142787416598656875
0.01151981703389229821
0.01072069378302852430
0.00954810631740576983
0.00839605813676908252
0.00747016124067340126
0.00684329726731716012
0.00649122630055335864
0.00633187557212243508
0.00628200170551627894
0.00630458739909791967
0.00641812917948154814
0.00666079744763798033
0.00703576924645310911
0.00748211063891457427
0.00789330384604100359
0.00816471593599953499
0.00823472870240111287
0.00809928288636275129
0.00780150078683111825
0.00740871172646750993
0.00698922706514311721
0.00659690642461188209
0.00626621297998526448
0.00601549847819625854
0.00585326386078338671
0.00578230750133150065
0.00579962380442698787
0.00589357705966052578
0.00604183391994608308
0.00621281567872136993
0.00637101657348593428
0.00648427553035466404
0.00653023912563543816
0.00649990480047801812
0.00639758241820369614
0.00623799971030082404
0.00604202578045901008
0.00583245612860941060
0.00563073012368087159
0.00545475855399870067
0.00531759049761019186
0.00522658448236825904
0.00518295968855704701
0.00518185111949479154
0.00521307930667764552
0.00526271658734837294
0.00531527757137563562
0.00535613150540220188
0.00537364599938944633
0.00536065538178970215
0.00531504952355129545
0.00523950635576783998
0.00514056070800561356
0.10018867130538847374
0.08044817534448194806
0.06485613459352323406
0.05233988539702281669
0.04227586106948902673
0.03416602641450179568
0.02760322433729336334
0.02226327558027074806
0.01789704382740785160
0.01435231059990848079
0.01151474613398714888
0.00925887238566335089
0.00745898528356762446
0.00601121861236929078
0.00483874349587741745
0.00388730961365335350
0.00311810483241397023
0.00250042268568852065
0.00200709077068439099
0.00161357535492598485
0.00664633179814118890
